seq: 20.62789821624756
threading: 20.913958072662354
multiprocessing: 11.042964935302734
